lastAccountName: nabster
timestamps:
  login: 1470069765746
  lastteleport: 1470066242295
  logout: 1470069860036
ipAddress: 127.0.0.1
lastlocation:
  world: world_nether
  x: 37.69999998807907
  y: 39.0
  z: 7.300000011920929
  yaw: -42.05355
  pitch: 46.8
logoutlocation:
  world: world
  x: 162.22799777563364
  y: 69.0
  z: 114.66444613353313
  yaw: 177.7487
  pitch: 8.249963
afk: false
homes:
  home:
    world: world
    x: 162.69981186065746
    y: 69.0
    z: 116.97566287082537
    yaw: -94.40346
    pitch: 20.100254
