lastAccountName: nabster
timestamps:
  login: 1460020276378
  lastteleport: 1459985185309
  logout: 1460020393988
ipAddress: 127.0.0.1
lastlocation:
  world: world
  x: 150.5
  y: 67.0
  z: 240.5
  yaw: 0.0
  pitch: 0.0
logoutlocation:
  world: world
  x: -33.21408202517642
  y: 68.0
  z: 210.67249520658754
  yaw: 172.74666
  pitch: 51.150276
