spawns: 
  default: 
    world: world
    x: -29.509759776900403
    y: 69.0
    z: 247.56967576407197
    yaw: 180.84668
    pitch: 20.850246
